Up:佐仓•M•沙耶加 72960
fans:3946
article:146
	181005
	325824
	22139
	127843
	58160
	39455
	310684
	320068
	282389
	358359
	223731
	6899
	384454
	9951
	93853
	447844
	425112
	154935
	196
	419103
	298014
	88401
	22910
	380043
	166
	341392
	286256
	130921
	16904
	135365
	351234
	39626
	369030
	126662
	359105
	134831
	230079
	108896
	206355
	360645
	352832
	118351
	228240
	379380
	93558
	209977
	432999
	187761
	7942
	165240
	152939
	236304
	271023
	18295
	79021
	112242
	135708
	425686
	26453
	31611
	96354
	119247
	198401
	97953
	328985
	260691
	265220
	103807
	275538
	389660
	47676
	31656
	142255
	221998
	249982
	70739
	284524
	234850
	358246
	5438
	65090
	104282
	429800
	231335
	59482
	324344
	349299
	137617
	298593
	100691
	236482
	287245
	205986
	309763
	332581
	226129
	427573
	316933
	67317
	430117
	51608
	48472
	272034
	73478
	373281
	110163
	365348
	99200
	186101
	440798
	120488
	344747
	129702
	181793
	275246
	158005
	350492
	13583
	72207
	245485
	2491
	127885
	297349
	59743
	99832
	322421
	6450
	12749
	414743
	108941
	137712
	200861
	141478
	148696

Up:忘掉过去 181005
fans:9
article:3
	19653
	928123
	201495
	109010
	325084
	11681
	122879
	277058
	8839
	10698
	1348
	557878

Up:小萌三赛 325824
fans:513
article:29
	384322
	919153
	781355
	26587

Up:cxb00529 22139
fans:33
article:5
	59359
	225768
	891124
	3361844
	381463
	70502
	118167
	438435
	22453
	113157
	125573
	16692
	888731
	108896
	284114
	289250
	70527
	236192
	162650
	273793
	27961
	520453
	14821
	123958

Up:蜂须贺五右卫门 358359
fans:2
article:2
	52465
	72960
	19653
	2
	138142
	197864
	96156

Up:随机君临死前 223731
fans:2
article:1
	64845
	72960

Up:ReVanTis 93853
fans:3
article:1
	748709
	13046
	587946
	94186
	338369
	254881
	1578
	145716
	136093
	49161
	138142
	686500
	35680
	2686630
	70093
	83850
	272213
	2648
	13373
	43536
	64845
	72960
	8756
	25753
	168598
	324879
	130209
	26815
	397580
	344078
	400629
	244842
	3506
	122879
	93066
	288239
	883968
	673816
	419220
	364776
	531525
	308359
	467751
	21238

Up:苹果的pad真好 425112
fans:4
article:6
	72960
	288239
	112428
	461637
	324879
	137952
	2059591
	2321459
	2970476
	213741